        N.HEMISPH. Land-Ocean Temperature Index in 0.01 degrees Celsius   base period: 1951-1980

                    sources:  GHCN-v4 1880-03/2022 + SST: ERSST v5 1880-03/2022
                    using elimination of outliers and homogeneity adjustment
                    Notes: 1950 DJF = Dec 1949 - Feb 1950 ;  ***** = missing

                                                                     AnnMean
Year   Jan  Feb  Mar  Apr  May  Jun  Jul  Aug  Sep  Oct  Nov  Dec    J-D D-N    DJF  MAM  JJA  SON  Year
1880   -36  -52  -23  -30   -6  -16  -18  -26  -23  -32  -43  -40    -29 ***   ****  -20  -20  -33  1880
1881   -31  -22   -4    0    3  -33    8   -4  -27  -44  -37  -24    -18 -19    -31    0  -10  -36  1881
1882    26   21    2  -30  -23  -28  -28  -16  -25  -52  -34  -69    -21 -18      8  -17  -24  -37  1882
1883   -58  -66  -15  -30  -25  -11   -5  -22  -34  -16  -45  -15    -29 -33    -64  -24  -13  -32  1883
1884   -17  -11  -64  -59  -36  -41  -44  -51  -44  -44  -58  -47    -43 -40    -14  -53  -45  -49  1884
1885  -101  -45  -24  -49  -59  -44  -34  -41  -40  -37  -38  -12    -44 -47    -65  -44  -40  -38  1885
1886   -74  -83  -71  -37  -33  -37  -14  -43  -33  -31  -39  -22    -43 -42    -56  -47  -31  -34  1886
1887  -108  -70  -44  -38  -26  -21  -25  -54  -21  -49  -28  -43    -44 -42    -67  -36  -33  -32  1887
1888   -49  -61  -64  -22  -15   -3    0  -21  -19   -3   -1  -24    -24 -25    -51  -34   -8   -8  1888
1889   -28   29   -2   16   -4   -7   -8  -20  -30  -41  -62  -55    -18 -15     -8    3  -12  -45  1889
1890   -64  -58  -47  -25  -36  -16  -23  -39  -35  -10  -63  -47    -39 -39    -59  -36  -26  -36  1890
1891   -46  -68  -16  -35  -15  -12  -12  -13   -8  -28  -52   -4    -26 -29    -54  -22  -12  -29  1891
1892   -50  -16  -67  -45  -24   -6  -38  -33  -20  -28  -82  -65    -39 -34    -23  -45  -26  -43  1892
1893  -152  -97  -32  -29  -43  -19  -14  -33  -29  -28  -34  -62    -48 -48   -105  -35  -22  -31  1893
1894   -92  -43  -22  -54  -27  -41  -21  -27  -33  -28  -48  -36    -39 -41    -65  -34  -30  -37  1894
1895   -71  -81  -50  -19  -31  -21  -19  -28   -6   -9  -13  -22    -31 -32    -63  -33  -23   -9  1895
1896   -36  -19  -50  -61  -17    7    0  -11  -13    4  -21  -21    -20 -20    -26  -42   -1  -10  1896
1897   -40  -42  -40   -5   13   -7    4   -7   -7  -16  -26  -29    -17 -16    -34  -11   -3  -16  1897
1898     4  -45  -80  -28  -28   -9  -12  -18  -18  -37  -51  -28    -29 -29    -23  -46  -13  -35  1898
1899   -14  -65  -60  -24  -26  -36  -18   -7   -6    4   35  -48    -22 -20    -36  -37  -20   11  1899
1900   -62  -15    4  -11   -5  -10  -12   -9   -4   22  -13   -4    -10 -13    -42   -4  -10    2  1900

Year   Jan  Feb  Mar  Apr  May  Jun  Jul  Aug  Sep  Oct  Nov  Dec    J-D D-N    DJF  MAM  JJA  SON  Year
1901   -34  -11   26   10  -12    0    0  -17  -27  -33  -23  -41    -13 -10    -16    8   -5  -27  1901
1902   -17    1  -39  -39  -40  -37  -34  -29  -34  -30  -45  -60    -33 -32    -19  -39  -33  -36  1902
1903   -22   11  -15  -46  -43  -45  -44  -55  -49  -50  -42  -57    -38 -38    -24  -35  -48  -47  1903
1904   -77  -59  -41  -50  -44  -49  -59  -55  -64  -39   -9  -35    -48 -50    -64  -45  -54  -37  1904
1905   -42  -82  -24  -46  -30  -28  -22  -24  -20  -28    8  -18    -30 -31    -53  -33  -25  -13  1905
1906   -57  -54  -21    3  -25  -12  -27  -18  -25  -19  -41    2    -25 -26    -43  -15  -19  -28  1906
1907   -59  -74  -32  -46  -59  -52  -41  -39  -41  -20  -56  -58    -48 -43    -44  -46  -44  -39  1907
1908   -55  -29  -71  -49  -30  -31  -37  -58  -32  -45  -64  -56    -46 -47    -47  -50  -42  -47  1908
1909   -94  -46  -67  -66  -50  -53  -46  -37  -38  -36  -13  -59    -50 -50    -65  -61  -45  -29  1909
1910   -36  -38  -50  -42  -30  -45  -38  -40  -44  -32  -58  -82    -45 -43    -44  -41  -41  -45  1910
1911   -71  -59  -65  -46  -46  -34  -37  -45  -39  -20  -21  -31    -43 -47    -71  -52  -39  -27  1911
1912   -35  -17  -61  -16  -12  -14  -53  -78  -83  -85  -52  -57    -47 -45    -28  -30  -48  -73  1912
1913   -56  -65  -48  -51  -55  -50  -52  -47  -43  -41  -15   10    -43 -48    -60  -51  -50  -33  1913
1914    16  -11  -37  -40  -19  -24  -35  -29  -31   -2  -23   -6    -20 -19      5  -32  -29  -19  1914
1915   -27  -10  -24    6   -3  -13  -11  -16  -22  -28   -4  -27    -15 -13    -14   -7  -13  -18  1915
1916   -10  -17  -39  -35  -37  -51  -35  -38  -50  -36  -48 -114    -42 -35    -18  -37  -41  -44  1916
1917   -54  -70  -76  -66  -74  -50  -34  -41  -32  -64  -33 -107    -58 -59    -79  -72  -42  -43  1917
1918   -71  -47  -26  -60  -50  -46  -35  -38  -27   -6  -23  -57    -41 -45    -75  -45  -40  -19  1918
1919   -39  -42  -39  -25  -43  -40  -35  -31  -21  -10  -48  -56    -36 -36    -46  -36  -36  -26  1919
1920   -16  -30   -1  -22  -22  -27  -26  -32  -36  -41  -46  -72    -31 -30    -34  -15  -29  -41  1920

Year   Jan  Feb  Mar  Apr  May  Jun  Jul  Aug  Sep  Oct  Nov  Dec    J-D D-N    DJF  MAM  JJA  SON  Year
1921    18   -9  -12  -18  -25  -16   -4  -30  -18   -1  -10  -13    -12 -16    -21  -18  -16  -10  1921
1922   -38  -63  -12  -16  -20  -16  -29  -37  -44  -33  -14  -15    -28 -28    -38  -16  -27  -30  1922
1923   -19  -47  -40  -54  -40  -25  -29  -28  -18    6   15    8    -22 -24    -27  -44  -27    1  1923
1924   -29  -22    2  -29   -6  -20  -23  -27  -23  -24   10  -37    -19 -15    -14  -11  -23  -12  1924
1925   -29  -39  -23  -16  -22  -25  -25  -19   -5   -8   22   22    -14 -19    -35  -20  -23    3  1925
1926    52   18   37  -12  -23  -20  -20   -6   -2    7   17  -29      2   6     31    1  -15    7  1926
1927   -29   -8  -47  -27  -13  -14   -8  -16    3   24   10  -37    -13 -13    -22  -29  -12   12  1927
1928    27    9  -23  -31  -17  -32  -11  -19  -16   -8    5   -4    -10 -13      0  -24  -20   -6  1928
1929   -56  -79  -19  -35  -28  -40  -36  -20  -20   -1   -2  -65    -33 -28    -46  -27  -32   -8  1929
1930   -12  -20   11  -16  -20  -12   -3    2   -2    2   44    8     -1  -8    -32   -8   -5   15  1930
1931     1  -23   -6  -20  -14   15    8    9   17   36   26   10      5   5     -5  -13   11   26  1931
1932    39  -19  -20   10  -10  -14  -15   -8   10   14  -32  -21     -5  -3     10   -7  -12   -3  1932
1933   -19  -30  -31  -16  -26  -32  -14  -15  -28  -18  -24  -54    -26 -23    -23  -25  -20  -23  1933
1934   -15   33  -27  -29    8   -1   -4  -10  -14   13   26   18      0  -6    -12  -16   -5    9  1934
1935   -39   56    3  -35  -29  -15   -4   -7   -6   12  -32  -17     -9  -6     12  -20   -9   -9  1935
1936   -29  -50  -13   -6   -1    4    9    3    7    7   15   15     -3  -6    -32   -6    5    9  1936
1937     9   24  -23   -7   13   15   15   15   29   33   25    0     12  13     16   -6   15   29  1937
1938    35   28   34   31    3   -6   -2    8   15   32   31  -13     16  17     21   23    0   26  1938
1939     3   -1  -24   -7    1    0    5    9   13    8   25   79      9   2     -4  -10    5   15  1939
1940   -10   14    4   28   17   17   16    7   27   29   31   37     18  21     28   16   13   29  1940

Year   Jan  Feb  Mar  Apr  May  Jun  Jul  Aug  Sep  Oct  Nov  Dec    J-D D-N    DJF  MAM  JJA  SON  Year
1941    18   47   12   13   24   21   25   19   10   50   18   20     23  25     34   16   22   26  1941
1942    41   -8    0   10   17   11    0   -7   11   28   26   27     13  12     17    9    1   22  1942
1943    -9   38    0   31   23   -7   -2   10   14   46   36   37     18  17     19   18    0   32  1943
1944    62   43   31   18   23   17   14   16   36   44   19   -1     27  30     48   24   16   33  1944
1945    11   -6    9   29    8    8    6   28   20   24    8  -21     10  12      1   15   14   17  1945
1946    34    9   12   32    3   -5   -4  -10   -4    2    7  -45      3   5      7   16   -6    2  1946
1947    -4   -4   28   22    6    0   -3   -4   -1   40   19   -5      8   5    -18   19   -2   19  1947
1948    30  -14  -27   -3   17    4    1    2   -3    8    3  -39     -2   1      4   -4    3    3  1948
1949    22   -9    4   -2    1  -20  -11   -4  -10    7    5  -14     -3  -5     -9    1  -12    1  1949
1950   -29  -27    6  -22   -4   -6  -19  -20   -9   -6  -33  -13    -15 -15    -23   -7  -15  -16  1950
1951   -36  -52  -18    7   17   -2    9   22   34   29    8   38      5   0    -34    2   10   24  1951
1952    17   17  -22   18   15   16   14    7   14   -1  -21    1      6   9     24    4   12   -3  1952
1953    24   37   26   41   25   25   22   18   17   27    9   22     24  23     21   30   22   18  1953
1954   -24    0  -16   -1   -7   -4  -11   -1    9   13   34  -11     -1   1      0   -8   -5   19  1954
1955    42  -12  -43  -24  -13  -10   -5    7   -2   12  -34  -28     -9  -8      6  -27   -3   -8  1955
1956    -4  -32  -23  -26  -30  -20  -20  -28  -32  -28  -26  -10    -23 -25    -21  -26  -22  -29  1956
1957   -14   -6  -10   -9   -5   12   11   16   12    6   12   24      4   1    -10   -8   13   10  1957
1958    68   28   16    2   12    5    4   13    8    8    3   18     15  16     40   10    7    6  1958
1959    24   16   33   22    4   14    5    9   13   -4    3   10     12  13     19   20    9    4  1959
1960    15   42  -40  -13    3   19    9   11   12    5   -8   39      8   5     22  -16   13    3  1960

Year   Jan  Feb  Mar  Apr  May  Jun  Jul  Aug  Sep  Oct  Nov  Dec    J-D D-N    DJF  MAM  JJA  SON  Year
1961    17   29   22   14    7   17    6    5   -2   -4    7  -17      8  13     28   14    9    0  1961
1962    28   36   30   22    2  -13   10    4   -2   13   12   10     13  10     16   18    0    7  1962
1963     7   50  -11    4   -4   -4   10   14   13   42   43    2     14  15     22   -4    7   33  1963
1964    -4   -2  -32  -30  -10   -9  -13  -23  -28  -31  -22  -27    -19 -17     -1  -24  -15  -27  1964
1965    -2  -37   -9  -26  -14  -20  -18  -20  -20   -2    4   -8    -14 -16    -22  -16  -20   -6  1965
1966   -25    3    0  -22   -5    6   11   14    6  -10    2   -3     -2  -2    -10   -9   10    0  1966
1967   -18  -37   23    5   21   -6    4    6   -3   29    4    2      3   2    -19   16    2   10  1967
1968   -29  -16   44   -1   -6   -5   -8   -8   -5   -1  -22  -33     -7  -4    -14   12   -7   -9  1968
1969   -43  -46  -20    3   11   -4    6    4    4    3   14   30     -3  -8    -41   -2    2    7  1969
1970    -2   27   -8   -2    0    1   -4   -5   -5  -20    1  -31     -4   1     18   -3   -3   -8  1970
1971   -15  -21  -28  -20  -12  -14  -13  -16  -14  -16   -2  -14    -15 -17    -22  -20  -14  -10  1971
1972   -54  -52    1  -11  -15  -10   -5   -9  -26   -4  -19   -4    -17 -18    -40   -9   -8  -17  1972
1973    15   44   31   19    9   16    4    3   -9   -7   -9   -4      9   9     18   20    8   -8  1973
1974   -26  -35    2  -10  -19  -18  -12  -11  -16  -23  -21  -27    -18 -16    -21   -9  -14  -20  1974
1975    16    9   11    5   -2   -8   -6  -13   -8  -18  -30  -22     -5  -6      0    5   -9  -19  1975
1976     5  -12  -31    2  -26  -20  -26  -21  -12  -51  -32  -25    -21 -20    -10  -18  -22  -32  1976
1977   -16   11   26   25   23   22    8    2   13   -2   27    2     12  10    -10   25   11   13  1977
1978    16    4   21    7   -6  -14   -8  -14   -1   -1   16    2      2   2      8    8  -12    5  1978
1979    -5  -35   18  -17    1    8    5    4   19   23   24   54      8   4    -13    1    6   22  1979
1980    21   40    7   15   26   19   13    9   10   11   20    9     17  20     39   16   14   14  1980

Year   Jan  Feb  Mar  Apr  May  Jun  Jul  Aug  Sep  Oct  Nov  Dec    J-D D-N    DJF  MAM  JJA  SON  Year
1981    79   62   67   39   18   28    9   16   14   23   35   54     37  33     50   41   18   24  1981
1982   -13   17    6   17    9    1    4   -7    6    0  -11   38      5   7     19   11   -1   -2  1982
1983    55   35   42    6    5   11   20   25   26   12   49   11     25  27     42   18   19   29  1983
1984    33    2   18   -7   23    9    8    6   -4    8  -10  -42      4   8     15   11    8   -2  1984
1985     7  -29    0   -4    9    0   -8   -2    2    2    2   16      0  -5    -21    2   -3    2  1985
1986    36   31   26   15   19   14   -2    4   -2    9    4    6     13  14     28   20    5    3  1986
1987    25   50    0    7   23   16   25   27   39   22   10   50     25  21     27   10   23   24  1987
1988    59   46   47   44   43   40   42   26   26   23    5   42     37  38     52   45   36   18  1988
1989     8   39   45   32   22   24   31   26   23   25   11   33     27  27     30   33   27   20  1989
1990    47   54  116   71   50   48   33   41   42   48   46   38     53  52     45   79   40   45  1990
1991    60   57   45   56   33   47   43   35   35   29   32   20     41  42     51   45   42   32  1991
1992    61   50   54   16   19    4  -10   -7  -18  -18   -9   21     14  13     43   30   -4  -15  1992
1993    38   52   38   23   32   22   12    2   -7   12  -21   22     19  19     37   31   12   -5  1993
1994    34   -4   49   48   39   41   34   32   33   54   50   36     37  36     17   45   36   46  1994
1995    75  119   59   71   41   50   37   54   43   60   57   27     58  59     77   57   47   53  1995
1996    27   55   32   17   35   25   29   18    4    5   35   35     26  26     36   28   24   14  1996
1997    34   60   74   49   42   49   41   48   51   63   59   50     52  50     43   55   46   58  1997
1998    62  103   72   87   66   73   74   72   61   53   49   74     71  69     72   75   73   54  1998
1999    59  100   29   54   36   35   35   30   40   39   53   66     48  49     78   40   33   44  1999
2000    38   89   83   89   54   44   42   47   37   29   20   27     50  53     64   75   44   28  2000

Year   Jan  Feb  Mar  Apr  May  Jun  Jul  Aug  Sep  Oct  Nov  Dec    J-D D-N    DJF  MAM  JJA  SON  Year
2001    56   45   76   60   69   51   63   68   56   60   97   65     64  61     43   68   61   71  2001
2002   102  114  112   51   52   68   66   55   62   54   78   42     71  73     94   71   63   65  2002
2003    93   56   67   61   71   54   68   86   78   99   66   98     75  70     64   66   69   81  2003
2004    67   91   86   70   52   47   49   55   60   70   98   45     66  70     85   69   50   76  2004
2005    94   72   94   92   77   79   75   69   90   95  105   83     85  82     70   88   74   97  2005
2006    65   95   78   59   75   81   69   69   82   95   94  115     81  79     81   71   73   91  2006
2007   145   89   95  107   72   65   66   73   67   83   82   76     85  88    116   91   68   77  2007
2008    34   58  114   64   60   61   60   59   57   86   96   65     68  69     56   79   60   80  2008
2009    82   70   59   70   66   68   68   72   85   79   84   66     72  72     72   65   69   83  2009
2010    80   94  110  113   94   85   88   86   70   89  120   50     90  91     80  105   86   93  2010
2011    60   56   88   84   65   76   73   71   73   90   66   88     74  71     55   79   73   76  2011
2012    68   58   71  106   97   94   85   76   86   91   97   45     81  85     71   91   85   92  2012
2013    85   78   81   68   78   77   70   74   70   83  113   83     80  77     69   76   73   88  2013
2014    97   71  120  108   90   82   77   91   83   93   80  110     92  90     84  106   83   85  2014
2015   118  119  132  102  104  105   92  102  117  129  138  153    118 114    116  113  100  128  2015
2016   155  194  190  149  111  112  104  112  122  103  112  104    131 135    167  150  109  112  2016
2017   138  152  152  120   92   93   97  102  100  105  122  140    118 115    132  121   97  109  2017
2018   114  124  116   97  101   86   90   87   97  124   97  110    104 106    126  105   88  106  2018
2019   120  113  155  125   99  120  103  109  121  131  120  140    121 119    114  126  111  124  2019
2020   158  170  166  140  128  113  111  113  120  122  161  123    135 137    156  145  112  134  2020

Year   Jan  Feb  Mar  Apr  May  Jun  Jul  Aug  Sep  Oct  Nov  Dec    J-D D-N    DJF  MAM  JJA  SON  Year
2021   126   96  119  113  104  121  107  102  105  131  130  114    114 115    115  112  110  122  2021
2022   125  118  143 **** **** **** **** **** **** **** **** ****   **** ***    119 **** **** ****  2022
Year   Jan  Feb  Mar  Apr  May  Jun  Jul  Aug  Sep  Oct  Nov  Dec    J-D D-N    DJF  MAM  JJA  SON  Year

Divide by 100 to get changes in degrees Celsius (deg-C).
Multiply that result by 1.8(=9/5) to get changes in degrees Fahrenheit (deg-F).

Example      --      Table Value :      40
                          change :    0.40 deg-C  or  0.72 deg-F